320
314
295
280
244
306
247
320
347
329
273
327
403
306
301
297
348
313
338
327
443
360
345
348
374
468
407
447
451
416
379
383
475
446
445
352
320
339
326
448
399
409
408
467
366
144
142
335
100
75
383
194
470
719
1016
469
163
278
128
154
78
157
222
208
264
320
351
387
358
336
389
356
481
447
463
588
561
752
866
592
464
291
349
405
288
321
98
337
317
297
179
163
156
206
76
183
111
328
292
252
276
319
305
325
311
226
302
421
311
238
326
339
436
365
356
322
286
387
378
349
350
348
431
397
384
423
182
331
291
383
382
397
432
423
424
423
456
501
486
437
430
414
467
281
393
262
392
445
334
434
413
360
313
442
352
215
356
233
350
379
389
371
478
484
428
244
202
437
401
183
326
423
338
343
344
432
416
377
357
361
366
418
375
375
369
369
369
374
422
373
371
370
357
419
208
361
378
361
469
423
214
409
404
401
465
450
405
419
400
417
471
462
472
333
128
314
329
230
366
138
237
404
255
395
242
249
543
275
322
334
487
547
588
130
665
359
253
94
326
310
337
377
427
449
481
376
313
321
384
336
455
601
482
490
327
427
362
475
493
506
502
525
561
615
595
558
550
546
450
530
488
350
464
476
447
364
365
314
377
89
203
206
237
220
280
269
199
160
154
225
105
182
43
168
116
289
18
50
11
170
62
144
79
208
174
176
219
371
327
212
227
205
190
345
249
232
329
197
215
274
182
110
208
202
268
255
379
296
345
334
410
434
455
371
350
354
242
278
266
215
241
234
252
343
384
251
303
301
311
322
330
445
354
401
334
329
320
345
312
297
428
317
367
302
320
314
383
363
356
435
355
425
406
356
313
333
955
425
671
504
467
477
478
392
399
169
311
437
435
188
499
503
491
439
487
416
473
431
357
328
463
361
454
375
344
440
361
327
429
352
419
419
363
151
323
338
329
331
370
215
401
338
354
396
390
216
335
318
443
342
340
345
419
358
413
284
285
504
485
373
358
237
355
278
362
471
405
418
476
417
470
472
473
454
439
459
465
380
419
446
442
439
437
448
424
468
421
403
393
385
385
370
367
372
368
370
372
367
358
363
430
413
311
302
353
365
418
366
305
359
461
375
415
371
414
159
250
452
465
488
458
499
579
576
529
565
519
501
516
522
578
463
367
385
386
412
431
523
445
459
254
355
384
389
333
204
257
125
114
383
350
506
43
352
325
300
272
389
272
401
231
244
391
314
321
327
338
179
300
397
378
336
339
447
413
336
353
355
346
228
326
327
192
384
337
340
358
338
333
323
397
341
383
458
359
248
373
355
328
357
327
308
371
360
369
344
357
395
343
353
363
464
390
375
345
395
382
374
315
366
310
350
349
418
227
290
353
377
485
442
396
303
225
309
273
271
241
247
259
145
375
0
573
611
585
444
62
485
389
368
460
383
446
385
376
377
357
362
347
337
340
325
322
335
323
334
319
78
275
314
323
342
321
174
289
411
296
258
267
288
270
281
270
263
257
294
380
288
294
205
243
269
194
287
418
300
272
278
236
151
192
188
226
203
208
193
196
209
206
341
256
258
247
250
352
377
326
278
319
271
231
233
233
198
216
240
238
285
270
254
268
270
188
400
165
324
519
639
433
449
413
254
434
20
408
750
778
770
639
113
98
548
628
562
516
586
546
534
502
473
534
449
70
363
542
478
509
399
475
393
368
358
279
42
408
326
140
344
451
361
432
342
325
340
447
380
204
363
362
437
351
340
431
191
174
317
328
345
346
336
337
333
327
320
313
327
431
344
332
317
305
315
427
398
320
313
301
95
377
301
314
241
342
338
436
417
351
339
340
431
350
337
421
330
200
395
163
427
281
451
393
239
193
353
266
129
51
3
105
313
493
496
478
538
458
418
410
389
371
473
378
364
350
338
347
451
421
399
333
400
330
335
305
298
281
43
292
286
269
59
238
280
372
270
347
298
94
284
283
292
107
245
121
269
275
384
351
354
294
207
240
311
101
196
346
264
106
281
306
305
321
342
328
342
351
387
344
320
299
189
260
316
230
297
306
313
270
249
343
289
303
394
253
232
215
182
107
215
69
508
406
281
162
10
0
0
0
0
149
136
264
344
386
389
377
131
201
166
222
150
196
202
245
249
151
96
763
884
576
435
413
488
660
565
475
603
761
572
560
580
536
497
597
585
585
604
538
540
547
504
516
532
493
427
440
428
280
436
430
400
376
428
392
280
224
209
276
232
278
362
334
250
257
257
303
275
317
288
312
283
230
244
278
242
209
270
197
292
264
189
154
244
139
102
108
49
6
760
195
228
192
162
347
334
761
129
106
185
201
231
202
280
265
196
205
283
222
141
110
93
333
182
469
436
392
345
358
246
237
328
280
312
298
155
401
395
415
93
381
385
394
390
376
404
394
228
386
389
370
434
113
443
453
434
459
438
418
396
345
283
280
906
114
971
22
1006
978
50
1003
172
998
182
196
301
145
289
293
939
275
210
230
244
807
226
586
258
330
628
378
168
193
106
463
135
537
125
104
33
33
218
228
329
968
473
328
180
126
9
161
371
181
271
127
172
213
431
951
278
140
172
241
212
272
600
168
639
285
64
311
468
756
830
837
777
826
633
739
751
131
665
638
505
596
489
478
82
503
99
469
485
447
468
474
412
457
110
402
434
444
436
429
431
426
430
426
433
379
369
373
363
387
133
363
377
358
378
399
166
156
363
366
367
367
353
353
371
362
191
337
380
343
352
372
370
363
347
364
354
370
338
359
228
334
345
338
354
318
337
345
360
253
358
236
238
362
337
375
368
276
145
268
405
421
421
431
424
158
300
388
396
376
182
113
93
38
41
894
343
263
468
401
446
360
357
329
378
308
62
269
318
306
296
79
293
362
330
331
317
312
325
353
341
325
340
333
345
333
340
148
326
365
372
344
322
319
346
320
338
331
330
322
164
317
322
177
312
326
191
344
318
307
305
304
321
325
353
217
317
319
336
350
330
317
311
226
209
316
242
352
336
305
316
320
234
312
239
340
314
324
330
317
344
311
322
324
314
344
325
319
318
342
262
323
324
322
314
346
313
307
268
271
325
280
327
323
354
340
282
318
326
325
319
332
327
316
317
353
281
313
318
304
326
316
326
305
314
278
318
325
317
355
322
326
334
321
324
325
321
315
307
347
289
313
299
338
321
301
359
355
355
353
347
241
329
442
421
439
384
349
373
981
244
260
350
382
351
314
146
241
132
156
194
398
230
554
537
85
48
374
369
352
374
403
395
415
94
343
100
379
388
428
435
410
401
432
429
423
415
385
421
170
369
394
364
363
364
377
377
190
360
396
379
376
369
377
384
371
378
379
376
375
398
385
375
370
395
373
371
367
376
368
368
368
370
370
368
369
368
368
368
369
378
252
371
260
368
266
371
373
401
376
275
370
371
367
370
375
377
291
397
378
388
387
377
364
376
386
359
383
364
255
252
198
246
166
51
125
106
104
241
252
292
322
309
329
368
410
396
427
403
432
416
435
412
453
486
476
426
401
450
466
494
456
472
431
472
422
430
446
444
363
407
442
449
415
402
421
367
365
336
395
354
347
354
359
364
364
396
358
354
268
340
286
273
312
306
298
