345
370
213
339
321
351
331
331
348
288
333
362
359
380
393
418
428
409
423
428
436
564
569
495
428
399
407
394
410
401
384
391
387
377
373
379
382
380
369
362
378
376
374
365
369
368
369
369
357
370
371
361
364
360
367
362
364
360
366
360
363
368
374
355
366
359
364
360
360
365
360
369
374
356
368
362
372
362
359
369
371
361
371
362
359
367
359
362
360
361
362
359
360
361
360
351
366
372
356
354
368
360
369
370
369
362
367
368
364
373
369
367
377
390
355
335
357
406
443
596
528
430
471
795
521
558
607
798
919
979
1005
1019
1016
1023
866
145
251
27
519
349
437
509
554
420
517
454
440
458
452
458
454
457
473
481
446
67
350
378
56
19
327
294
345
44
207
225
310
39
189
258
279
33
288
261
267
293
307
38
3
225
245
28
232
216
241
216
21
219
209
247
233
233
248
344
303
288
37
256
320
336
323
318
307
315
317
327
49
278
328
55
266
277
320
63
295
284
283
280
78
267
248
264
320
297
298
281
292
313
344
310
326
318
315
314
305
322
315
344
359
334
348
333
360
139
130
296
136
131
307
327
306
305
307
321
315
152
303
300
289
289
314
296
157
286
307
294
288
289
308
296
170
319
308
316
312
317
305
185
307
315
300
311
318
315
333
326
358
328
332
354
336
342
335
356
343
352
358
357
352
346
344
345
354
350
348
345
216
345
337
358
337
354
351
356
352
348
352
362
352
353
362
351
353
363
244
365
353
211
320
312
314
331
348
256
390
397
409
524
295
224
591
781
823
788
892
991
975
781
882
258
244
682
119
441
522
564
592
94
503
447
506
534
522
478
503
479
460
493
460
94
152
409
357
394
373
369
383
361
372
354
295
328
332
325
334
110
264
292
252
120
230
295
298
303
289
61
245
272
305
270
292
301
315
307
100
285
309
111
252
295
307
300
297
294
314
319
330
163
317
319
346
327
337
327
342
342
223
260
307
266
271
330
296
302
263
333
305
355
333
353
335
351
356
350
357
350
355
343
366
343
360
328
363
312
357
320
375
357
375
381
383
385
376
368
388
379
369
385
350
389
345
376
394
403
363
401
