
312
396
124
348
315
305
385
336
319
326
319
287
348
295
68
295
296
306
338
124
342
366
353
355
329
398
418
400
412
239
404
457
441
460
436
457
291
402
225
441
228
208
166
383
398
411
408
410
392
211
337
184
409
335
336
398
333
390
380
344
351
339
182
322
331
408
358
337
344
338
336
337
337
342
398
352
387
427
367
361
358
393
426
207
341
352
349
347
394
198
351
190
342
190
332
328
340
426
407
365
398
363
417
369
362
208
194
387
375
209
332
331
344
199
337
196
380
333
199
415
342
335
381
339
336
335
380
207
327
325
325
330
326
328
325
327
325
324
324
324
331
198
387
208
417
353
414
254
305
409
427
410
413
388
260
63
231
105
340
307
304
244
119
306
102
297
164
151
120
484
218
182
232
99
389
505
275
257
241
330
392
499
490
438
242
450
507
230
236
229
447
459
492
481
204
364
341
421
409
385
127
405
366
408
419
439
152
403
348
401
161
375
350
336
113
377
340
323
371
115
308
309
109
286
102
290
313
295
294
108
95
280
301
398
333
311
315
330
129
301
298
316
128
394
324
318
316
392
341
388
154
365
394
346
347
332
329
337
341
403
375
376
343
378
366
377
373
371
370
376
439
390
410
407
465
429
424
417
397
379
436
366
353
345
350
343
403
365
347
359
396
426
356
149
334
385
338
334
378
143
322
324
329
346
331
348
389
373
332
335
332
362
441
412
434
378
432
395
212
391
370
379
362
357
360
353
361
348
360
353
430
175
348
160
335
330
416
351
341
339
396
347
356
346
345
241
339
361
385
382
364
377
404
222
409
223
464
739
534
449
881
149
1023
1023
1023
117
237
168
1021
17
113
81
569
155
86
64
5
0
0
8
182
267
167
180
164
159
127
0
180
310
268
222
167
198
218
206
197
25
220
31
0
199
176
227
329
254
238
368
62
188
341
327
268
309
277
354
275
320
256
280
258
281
286
38
12
242
233
274
270
352
274
276
281
344
325
288
49
321
302
272
393
308
301
381
327
312
63
372
316
367
356
312
362
371
76
347
69
299
379
328
371
320
320
304
367
326
329
394
81
306
384
319
74
361
329
355
345
325
333
401
97
377
327
320
370
96
320
362
320
335
332
322
371
327
320
324
319
409
350
379
402
340
351
337
337
382
339
337
334
380
337
91
321
87
319
318
313
323
413
393
359
341
344
347
342
342
342
396
354
337
353
151
386
382
160
340
416
403
371
351
402
711
699
758
698
1022
532
776
835
836
502
181
243
321
31
485
387
406
427
441
56
448
428
440
429
54
458
421
53
33
368
370
369
369
369
369
391
364
361
42
314
28
266
305
26
436
334
32
480
65
286
421
318
288
301
288
468
424
337
320
324
453
337
323
416
393
380
449
72
320
322
321
321
321
321
406
344
347
328
352
461
418
370
458
487
508
456
505
359
295
353
323
318
303
297
317
438
390
372
293
85
12
279
16
301
257
293
285
277
293
367
325
332
314
310
364
398
360
344
104
318
93
311
322
313
368
327
342
108
293
324
98
355
325
307
315
306
295
303
317
298
309
386
323
307
315
78
368
307
