316
465
424
390
360
393
394
400
312
365
322
368
478
338
379
376
351
361
367
390
387
385
366
491
474
475
483
492
514
516
496
405
466
517
464
457
529
479
423
445
510
434
442
434
436
515
447
516
468
475
423
467
457
436
504
442
437
441
461
442
213
176
220
465
425
420
519
541
538
525
577
554
549
581
562
731
311
347
787
672
627
463
306
364
242
292
946
49
344
487
495
31
310
518
121
722
818
748
166
586
557
609
743
798
756
638
661
607
96
509
507
544
490
553
512
554
450
486
493
499
553
577
473
458
483
488
565
640
705
665
613
602
609
616
652
697
696
658
594
618
570
548
521
541
527
485
424
377
353
458
358
337
462
510
465
430
403
394
403
476
399
475
384
394
391
398
409
399
401
401
399
404
525
398
532
520
437
519
519
570
525
586
526
485
595
508
552
537
628
564
555
553
471
496
652
517
537
537
537
486
687
559
514
525
707
533
531
556
485
545
560
357
404
386
382
410
515
519
681
543
498
719
545
577
558
527
523
541
553
550
550
525
536
546
513
464
530
440
444
581
513
544
545
607
622
671
632
644
293
958
566
504
434
266
914
317
55
290
149
919
335
440
515
373
291
621
689
83
467
71
510
559
620
662
690
676
621
568
64
470
507
495
513
527
507
486
412
452
367
329
338
317
305
455
360
366
336
446
450
448
373
444
357
353
445
466
413
456
437
430
481
480
439
512
451
511
456
457
90
95
287
466
442
407
328
341
372
488
454
168
426
378
376
473
470
431
414
421
492
161
370
361
390
336
363
304
482
452
403
333
492
454
444
375
449
392
430
426
427
423
394
185
179
180
441
220
118
447
397
395
128
459
316
366
427
410
328
405
374
384
400
392
387
392
248
479
407
369
488
357
285
306
388
190
469
352
405
199
487
349
413
401
277
284
359
369
477
484
416
493
422
327
411
407
485
495
427
387
400
422
410
413
338
415
417
361
404
489
422
409
