285
348
328
345
316
313
56
298
247
395
278
354
348
367
351
352
383
139
313
396
375
334
341
391
373
377
375
355
365
354
332
339
66
314
314
135
353
418
441
489
511
498
339
530
833
782
901
962
986
758
980
537
749
913
998
800
773
312
452
448
457
378
434
61
409
408
408
408
428
416
409
396
419
56
372
374
413
401
52
314
375
412
334
374
412
345
320
330
337
328
326
325
329
431
465
416
361
363
416
368
361
351
463
387
371
53
416
453
381
412
368
446
385
372
422
387
378
59
25
433
367
349
50
399
350
341
346
399
346
46
311
332
44
281
313
312
305
324
320
401
344
324
327
435
343
394
338
344
426
397
335
49
317
347
339
405
300
317
416
214
466
536
569
584
589
594
494
518
505
238
203
203
382
186
445
413
370
416
342
335
112
293
279
435
362
425
441
302
359
53
276
361
436
407
374
405
982
1020
566
716
589
761
700
979
471
482
707
569
588
72
668
729
126
780
750
122
711
799
749
634
602
715
113
669
731
677
123
626
638
553
574
594
625
575
574
586
586
93
510
530
535
536
523
546
528
537
86
489
516
513
512
513
511
513
511
81
459
71
476
464
453
476
453
473
458
431
457
444
445
478
501
480
480
466
103
436
99
477
440
473
484
455
455
450
458
480
464
136
434
449
431
446
458
448
475
457
118
150
81
375
515
596
551
561
314
306
364
335
309
395
371
415
80
407
458
402
82
369
360
401
365
372
364
103
357
366
362
393
434
441
443
422
384
361
376
398
376
413
133
375
398
157
411
362
401
391
359
362
359
341
345
390
340
380
350
333
308
322
52
287
60
307
373
84
376
336
102
323
375
339
338
321
387
349
339
381
344
345
