295
303
302
301
312
291
289
295
303
301
321
319
338
333
350
339
269
279
344
378
382
286
312
328
369
359
366
396
395
385
418
458
462
438
422
433
443
474
461
454
425
425
416
413
400
423
405
407
398
395
386
394
360
372
358
358
388
379
384
360
366
363
363
363
370
589
336
382
535
86
551
554
593
513
552
679
636
621
666
586
550
546
595
656
627
620
604
654
658
626
661
691
538
569
785
638
681
637
672
588
211
546
584
522
517
516
514
456
478
466
135
430
441
459
446
410
450
176
411
474
489
440
471
429
178
446
396
414
407
408
409
177
415
394
370
370
345
345
371
361
376
377
186
350
359
396
363
346
340
333
157
362
325
313
317
313
324
173
319
329
331
324
319
304
309
300
296
315
296
306
361
314
308
307
294
192
274
347
206
316
310
300
296
320
348
329
229
222
338
321
323
304
236
336
320
243
328
310
307
287
328
243
295
239
235
311
281
312
340
322
310
263
306
309
265
311
310
276
297
326
322
356
323
326
316
351
325
319
334
323
328
343
321
264
266
256
303
300
322
261
329
251
312
204
208
204
183
95
334
149
83
24
81
458
624
614
495
489
466
443
385
404
398
347
346
347
376
360
351
337
68
50
56
344
333
343
326
338
116
321
349
341
337
333
339
324
325
334
154
347
337
332
333
313
329
320
327
316
326
327
350
318
295
311
175
311
325
327
320
328
213
313
215
322
221
299
361
321
232
321
321
321
240
353
321
334
335
318
251
320
317
322
355
320
326
327
317
315
313
319
330
332
272
359
274
345
337
334
337
331
274
313
315
307
263
260
304
298
296
265
345
324
323
311
342
284
324
310
300
331
320
328
235
262
307
342
393
451
432
959
207
865
343
307
239
250
198
227
179
245
427
91
446
688
768
648
626
525
456
433
67
42
400
445
418
97
406
400
405
410
402
396
404
395
390
394
418
384
401
122
361
391
373
139
128
356
387
366
367
377
371
372
390
182
361
362
361
366
195
187
356
360
361
368
388
224
352
379
367
362
360
232
347
233
351
242
355
355
382
363
259
348
378
366
361
361
368
361
271
358
350
357
381
361
355
360
354
363
355
356
352
278
344
378
362
354
360
376
355
371
293
366
363
358
356
350
365
350
357
376
301
347
357
299
295
347
358
347
346
352
377
352
369
358
348
367
306
344
366
353
352
353
364
350
309
345
365
297
286
287
260
230
166
134
130
141
145
245
238
255
324
177
180
115
177
285
239
216
171
228
202
208
238
258
295
245
289
242
288
257
336
308
302
286
304
298
284
264
294
263
312
284
234
280
242
272
249
272
234
270
257
314
