372
369
360
388
383
410
389
389
347
383
387
360
362
364
386
402
399
407
456
416
459
462
399
417
413
391
396
419
461
414
420
397
397
402
401
456
422
398
398
401
453
421
408
387
451
408
396
401
454
407
397
453
407
397
401
455
407
397
402
400
383
455
392
387
395
391
393
393
393
393
393
458
390
387
393
396
392
393
393
392
393
456
390
396
395
419
402
401
383
393
393
454
391
387
393
452
392
397
395
397
392
393
453
398
385
393
393
454
391
421
416
397
385
454
393
456
408
400
453
408
393
402
401
391
395
450
422
454
416
397
393
404
399
452
426
398
399
402
401
400
452
408
394
401
401
401
401
401
401
450
426
396
420
409
394
449
424
402
393
449
424
420
401
392
449
392
401
443
394
418
410
380
403
376
364
430
369
379
384
386
417
404
451
413
421
458
424
425
420
405
426
398
399
403
401
465
426
394
465
424
406
416
263
344
365
400
415
458
442
447
435
457
478
492
527
612
528
585
532
594
631
811
943
774
1012
901
959
991
998
887
685
580
349
0
133
262
294
260
39
339
317
303
288
42
195
232
281
285
216
287
262
322
303
257
259
297
289
325
329
330
334
330
327
342
378
370
354
361
352
354
353
365
353
355
353
353
355
338
348
338
346
343
351
357
328
273
6
223
285
307
289
273
121
279
302
311
320
222
331
317
329
337
339
359
292
354
361
360
328
358
374
364
367
369
369
379
371
360
388
373
384
375
363
408
387
383
385
383
428
395
392
393
393
393
393
460
468
412
382
402
383
394
396
377
393
364
382
370
383
561
405
394
389
377
392
385
392
400
368
394
394
401
392
369
393
392
384
366
334
334
364
378
371
382
357
361
368
370
371
369
360
361
375
368
370
378
368
357
370
371
370
375
370
377
368
369
370
378
386
383
386
364
376
529
557
974
770
834
434
761
891
969
1017
870
963
884
562
863
425
325
367
438
417
439
332
419
488
589
480
559
440
445
62
390
409
378
320
341
271
318
31
243
260
268
357
339
312
307
280
331
43
289
350
64
360
402
72
294
367
471
465
393
351
322
280
233
272
316
45
283
277
262
262
309
306
307
361
323
362
365
329
377
333
40
271
294
348
303
310
352
332
324
324
324
340
332
333
331
60
297
297
54
54
50
292
277
329
309
328
313
96
297
301
302
343
116
292
321
340
332
342
334
343
336
125
304
128
123
125
132
227
282
291
291
289
321
318
335
337
330
327
329
326
332
334
353
345
346
347
342
212
314
340
218
343
341
336
347
342
242
323
341
335
355
349
359
341
346
246
336
343
337
248
249
243
307
309
315
258
318
332
342
347
337
342
340
