408
389
396
401
446
404
364
392
374
471
394
393
398
345
365
354
367
383
387
408
404
402
417
547
433
441
438
438
391
375
394
539
625
506
601
662
575
624
932
793
770
890
893
962
569
756
965
858
684
456
567
425
82
64
53
467
421
484
433
494
455
469
460
62
421
408
415
414
395
377
380
31
350
306
281
19
266
233
233
324
299
273
271
29
271
278
282
328
41
252
306
256
269
33
4
171
239
23
225
244
232
305
283
267
21
0
221
301
293
279
275
275
288
270
294
326
289
320
19
291
281
269
13
282
283
16
0
219
242
208
209
294
25
0
257
245
288
272
282
293
281
304
288
294
311
308
304
304
296
45
293
262
286
276
271
39
259
240
31
256
239
293
33
229
225
302
280
286
274
298
272
271
270
271
20
289
282
267
293
275
26
247
275
29
235
285
241
35
292
279
248
46
274
285
285
256
257
293
270
55
227
276
257
301
294
287
289
280
50
279
311
54
261
241
241
264
302
312
301
298
295
47
282
263
271
310
306
288
289
55
289
291
271
62
51
203
280
81
234
237
264
325
329
366
407
387
667
1023
1000
787
745
890
902
872
945
1003
1001
856
527
353
516
573
559
598
464
605
469
501
577
579
481
485
46
424
441
427
423
440
425
413
404
389
378
373
374
364
371
373
43
335
40
237
297
36
7
233
256
224
245
312
262
279
299
318
289
299
325
42
298
292
305
287
284
318
306
310
322
31
262
307
270
270
23
268
274
248
286
278
295
274
23
10
236
286
268
281
36
261
263
248
276
286
302
291
281
304
303
309
310
308
71
279
76
304
290
87
266
288
263
297
310
304
309
301
297
317
104
259
305
298
309
309
302
296
296
297
101
298
103
236
280
103
278
291
282
280
110
277
282
262
