89
314
297
313
329
332
320
317
330
334
337
347
338
335
342
133
326
326
325
334
344
348
332
337
346
346
337
353
346
355
183
343
192
328
323
320
341
331
346
271
273
287
295
321
360
392
412
392
412
419
437
262
605
778
893
956
989
1006
1012
1008
537
687
860
525
575
443
343
281
318
280
36
417
446
417
418
359
418
432
465
542
534
546
507
545
514
155
389
392
378
402
366
50
48
346
379
376
384
338
347
228
313
304
264
270
203
270
238
278
272
298
283
270
166
160
264
166
248
277
168
276
174
274
178
270
256
285
194
306
310
308
304
317
316
240
321
322
327
326
277
345
331
342
347
367
365
342
341
377
362
395
417
446
433
467
437
412
394
424
472
438
449
430
449
416
436
449
409
433
397
525
441
424
449
443
414
433
433
400
556
451
413
431
412
416
433
415
421
411
425
394
418
393
406
397
407
409
384
393
402
392
400
400
399
399
378
377
379
394
632
411
441
410
394
399
389
401
627
478
465
486
434
489
458
494
489
643
633
748
867
889
963
999
1016
1017
532
761
980
829
534
131
1
0
186
192
332
280
308
294
308
328
46
263
306
351
325
327
312
334
345
77
300
332
119
97
247
235
241
29
184
22
0
173
252
234
193
228
270
260
258
287
310
286
297
51
42
257
62
291
278
296
302
105
256
299
268
302
290
303
281
313
297
301
297
341
328
342
350
337
339
338
350
357
350
353
368
376
364
202
345
365
369
374
375
351
379
360
372
385
389
390
391
363
368
386
370
389
384
393
374
369
320
381
371
340
369
383
376
366
373
357
369
368
377
382
372
379
370
372
376
382
380
376
367
383
384
417
379
361
422
384
366
387
384
367
425
392
391
372
380
385
377
367
369
378
365
368
369
365
415
373
424
378
387
384
369
